21 22 660 520
360 280 120 520 510 520 450 100
70
1 1 1 1 1 1 1 1 1 1 1 1 1 1 1 1 1 1 1 1 1
0 2 0 3 0 0 1 0 0 3 0 3 0 0 1 0 4 0 2 0 0
1 1 1 1 1 0 1 0 1 1 1 1 1 0 1 0 1 1 1 1 1
1 4 0 0 0 2 0 0 0 0 1 0 0 0 2 0 0 0 2 0 1
1 0 1 1 1 1 1 0 1 2 1 0 1 0 1 1 1 1 1 0 1
1 0 1 0 0 0 0 0 1 4 3 0 1 0 0 0 0 0 1 4 1
1 4 1 0 1 1 1 0 1 1 1 1 1 0 1 1 1 0 1 0 1
1 0 2 0 0 0 1 0 0 0 0 0 0 0 1 2 0 3 0 0 1
1 1 1 1 1 0 1 1 1 1 0 1 1 1 1 0 1 1 1 1 1
1 0 0 0 0 0 0 0 0 0 3 0 0 0 0 0 0 0 0 0 1
1 0 1 1 1 0 1 0 1 1 1 1 1 0 1 0 1 1 1 0 1
1 0 3 0 1 0 1 2 1 0 0 0 1 0 1 0 1 2 3 0 1
1 1 1 0 1 0 1 0 1 0 0 0 1 0 1 0 1 0 1 1 1
0 0 1 2 1 0 0 0 1 1 1 1 1 0 0 4 1 0 1 0 0
0 0 1 0 0 0 1 0 0 3 0 4 0 0 1 0 0 0 1 0 0
1 1 1 0 1 0 1 1 2 1 1 1 0 1 1 0 1 0 1 1 1
0 0 0 0 1 0 0 0 4 0 0 3 0 0 0 0 1 2 0 0 0
1 1 1 3 1 0 1 1 1 0 1 0 1 1 1 0 1 0 1 1 1
1 0 0 0 1 0 0 0 1 0 1 0 1 0 0 0 1 4 0 0 1
1 0 1 1 1 1 4 0 2 0 1 0 0 0 0 1 1 1 1 0 1
1 0 0 0 2 0 0 1 1 1 1 1 1 1 0 0 3 0 0 2 1
1 1 1 1 1 1 1 1 0 0 0 0 0 1 1 1 1 1 1 1 1