21 22 660 310
360 280 390 520 140 310 510 100 270 580
80
1 1 1 1 1 1 1 1 1 1 1 1 1 1 1 1 1 1 1 1 1
1 0 2 0 4 0 0 0 0 2 1 0 0 3 0 2 0 0 0 2 1
1 0 1 0 1 0 1 1 1 0 1 0 1 1 1 0 1 0 1 0 1
1 3 1 1 1 0 1 0 1 0 1 0 1 0 1 0 1 1 1 2 1
1 0 0 0 0 2 1 4 0 3 0 0 0 2 1 0 0 4 0 0 1
1 1 1 1 1 4 1 0 1 1 1 1 1 0 1 0 1 1 1 1 1
0 0 0 0 1 0 0 3 0 2 1 0 0 0 1 0 0 0 0 0 0
0 0 0 0 1 2 1 1 1 0 1 0 1 1 1 3 1 0 0 0 0
1 1 1 1 1 0 1 2 0 0 0 0 0 0 1 0 1 1 1 1 1
2 0 0 0 0 0 1 0 1 1 1 1 1 3 1 0 2 0 0 0 0
1 1 1 1 1 4 0 0 1 0 0 0 1 0 0 0 1 1 1 1 1
0 0 0 0 1 0 1 0 1 1 1 1 1 2 1 0 1 0 0 0 0
0 0 0 0 1 0 1 0 0 2 0 3 0 0 1 0 1 0 0 0 0
1 1 1 1 1 0 1 0 1 1 1 1 1 0 1 0 1 1 1 1 1
1 0 2 0 0 2 0 0 0 0 1 0 0 0 0 4 0 0 0 2 1
1 0 1 1 1 0 1 1 1 0 1 0 1 1 1 0 1 1 1 0 1
1 2 0 0 1 4 0 0 0 0 3 0 0 0 0 0 1 0 0 0 1
1 1 1 0 1 0 1 0 1 1 1 1 1 0 1 0 1 0 1 1 1
1 0 0 2 0 0 1 0 0 0 1 2 0 0 1 0 4 0 2 0 1
1 3 1 0 1 1 1 1 1 0 1 0 1 1 1 1 1 2 1 0 1
1 0 0 0 0 3 0 0 0 0 1 0 0 0 0 0 0 0 0 0 1
1 1 1 1 1 1 1 1 1 1 1 1 1 1 1 1 1 1 1 1 1